../../../.git/annex/objects/22/7w/SHA256E-s735537--f0ee55e313bf2ec23092b80669ff30ed2e09520705a11645f6059c9f5ccd18f7.tsv/SHA256E-s735537--f0ee55e313bf2ec23092b80669ff30ed2e09520705a11645f6059c9f5ccd18f7.tsv